procs -----------memory---------- ---swap-- -----io---- -system-- ------cpu-----
 r  b   swpd   free   buff  cache   si   so    bi    bo   in   cs us sy id wa st
 0  0      0 1733676  32804 180572    0    0     5     1  165   43  0  1 99  0  0
 0  0      0 1733676  32804 180576    0    0     0     0  325   88  0  1 99  0  0
 0  0      0 1733676  32812 180576    0    0     0    13  326   91  0  1 99  0  0
 0  0      0 1733676  32812 180576    0    0     0     0  327   83  0  1 99  0  0
 0  0      0 1733676  32820 180576    0    0     0     5  337   95  0  0 99  0  0
 0  0      0 1733676  32820 180576    0    0     0     0  331   85  0  1 99  0  0
 0  1      0 1733676  32828 180568    0    0     0     5  337   93  0  1 99  0  0
 0  0      0 1733676  32828 180576    0    0     0     0  329   88  0  1 98  1  0
 0  0      0 1733676  32828 180576    0    0     0     1  339   89  0  1 99  0  0
 2  0      0 1733676  32836 180576    0    0     0     4  339   83  0  1 97  2  0
